5.304608192705782821e-02
2.039678596963605539e-01
4.100623733083860051e-02
1.194278247136752562e-02
1.351365632543841122e-02
4.536111972153066170e-03
1.351328850890841024e-03
5.840691205625555063e-03
3.441457623857347055e-03
5.675619174393363442e-02
1.859550026260746100e-02
3.426147614759354147e-03
4.948890219538746443e-02
4.194281193857553602e-01
9.081424782656059153e-03
1.705372763012967400e-03
4.335130207835984767e-02
1.169223213848236370e-04
1.204926936558064652e-03
5.897365896404343361e-02
7.837350605359253767e-06
2.712866815280285879e-02
4.111448640134999664e-04
2.840767927593665625e-03
1.982226508401326698e-04
3.305190908401778316e-02
5.559950168512911876e-04
8.358580989175735249e-03
7.314802001473119826e-03
4.652061678081505919e-02
9.831683875520477213e-04
2.058934916634850166e-03
5.064503890789503332e-02
6.141821307620781495e-05
7.874583299941895209e-04
1.101705045519942440e-04
6.971022339906474824e-03
1.414815531166499774e-01
4.084857871664210327e-03
1.830288765399487594e-02
8.561371106191491276e-03
2.101177806378478827e-04
8.861378524764064717e-04
1.760426256008197979e-02
8.562554273808635485e-04
8.258396129700155443e-04
7.088551148033149507e-02
1.483882504074465281e-03
3.366960418259720375e-04
2.832377894783778827e-02
4.473946240016735687e-01
7.857106075025044323e-03
8.614734400784298304e-04
2.086111858818110454e-01
8.266019473450104960e-02
1.040753454211557202e-03
6.568184817526809618e-03
6.189164132521018068e-03
1.415328504615690202e-04
3.351817307700254590e-03
5.936568324997016310e-05
9.331074127361911131e-04
1.509915808189399647e-03
1.848248795405825137e-02
1.681624503820078863e-04
1.568455713094240034e-01
2.853742964515459512e-04
1.010967129363470659e-03
4.219461250128300756e-03
3.563440159098964222e-03
2.663101096089124254e-03
1.342747710613570455e-02
5.955607817080518828e-04
3.130362900077493515e-02
9.299477396987569644e-02
2.398945631862892071e-04
2.773532550073128859e-04
2.053267118645806617e-04
2.465448640188927770e-03
4.708941251587678289e-02
4.687931862451332199e-01
2.287808607326836594e-02
9.312272629196773695e-05
7.045432105123355026e-04
5.733175631402784138e-05
1.274642289031251065e-03
2.860508540065266961e-02
2.061931692985519257e-04
1.682688452662526929e-03
6.986249950731199428e-04
5.337262064159973424e-02
9.178843746828052597e-02
2.061132013024430680e-04
8.832708180464375744e-04
6.793481524485398548e-01
1.281867093897541832e-01
2.975731910153647992e-04
4.825412160966126990e-03
4.528013294458696361e-04
3.483017054463279083e-02
1.465167836504859596e-03
2.376605373118439654e-02
5.523848772955849973e-02
2.353361754813241852e-03
6.165934269489066998e-03
9.809386638160422743e-04
1.521058129305782056e-03
1.596010513406000305e-04
1.235826691790234064e-02
7.301274606850888292e-04
9.954575476729727104e-03
7.517234003298140432e-05
7.100427190623764036e-04
3.199103481230076637e-03
2.085119921059679722e-05
1.778667889265014108e-03
3.777827897512417432e-02
7.854565633818218895e-06
3.283717276488914028e-03
1.190962115852932379e-01
1.038290900449891091e-04
6.085177631725411556e-04
1.162720704725852443e-03
2.655174240696692861e-02
1.914079154973509153e-02
1.564914221902798802e-02
9.190847810138730659e-03
9.998353997874656618e-02
5.080714038627281125e-04
6.151717760705424122e-03
1.781235218371716696e-03
1.921830249388479291e-03
2.121993931787066467e-01
5.106276417319428884e-03
8.780955655743574902e-04
1.534646330118302239e-02
2.866604776882933229e-04
5.540879087793116817e-03
3.736020103707343737e-05
4.347609445931645018e-04
3.653103067638393034e-04
1.431451964403751033e-02
5.472895932518894759e-03
2.888460945371487069e-03
2.786621689032734166e-04
1.695418194106147682e-04
1.665812163127962115e-03
4.196055195933233797e-03
4.615226583373751917e-04
8.638539056456850246e-03
8.813233376567093658e-03
2.359512560440336700e-05
5.685159249374055436e-04
5.018142563533884310e-05
2.525297090468038852e-01
2.148354403611094435e-02
2.174989523892817151e-03
7.448907303514447021e-06
1.615267476009344229e-03
1.401857310472424956e-03
1.298988898419585758e-01
4.099203461486162050e-04
8.294417744951871295e-05
7.083583922885530217e-03
1.259410943242698228e-03
3.845564053253908710e-01
8.084517620981647012e-04
1.209411287244894617e-03
1.449291851329427735e-05
3.829454128177805974e-03
3.892880251959757783e-03
3.598003323294719780e-03
1.765018225145726649e-01
2.157153495608465487e-03
1.339659726775777882e-01
9.106308918122238416e-02
1.063335689907854847e-01
2.629145109711386250e-02
3.231163229882631771e-02
4.678664089057341276e-03
5.314955145535049837e-03
2.045819962052068328e-02
1.470727270733594542e-02
2.144462033639713168e-03
1.716941362854288999e-01
7.323107473452961222e-04
1.253259154745828838e-04
1.501770009158067548e-02
9.245976327054378305e-04
1.772606060355769132e-03
5.634330631741188471e-05
2.125185602135212706e-03
7.354599655943147313e-04
2.575505239175401558e-04
7.161752893694552091e-02
9.640275714174077260e-05
5.297751200730491756e-04
7.346397450955617636e-02
1.278286222143006079e-01
2.336533691923366879e-02
1.332726905051436449e-02
6.680186944903129115e-03
2.959237681347664465e-03
1.632113294117344682e-02
8.395999589519576728e-03
5.817502115247780853e-02
8.219304715071841516e-02
3.352597953963391830e-02
7.772593056886222679e-03
5.283638331199221050e-03
7.191276356675952363e-04
5.915328627336537235e-05
5.656831326168268795e-03
3.169921150736781934e-02
2.056464817620927768e-02
9.763152971664353780e-03
9.206116492746923424e-03
1.301811854376972756e-03
1.422414243096129264e-03
1.159419175902124954e-01
5.064314601928583681e-03
2.172709954201811414e-03
5.361997965185247988e-03
3.874883573583896390e-04
6.298537465706884053e-02
5.290161503726936720e-02
4.792540975241668666e-02
2.999559073816374620e-03
2.384721383411393149e-03
2.064205210729723981e-03
3.300676705468293809e-02
1.596305159464488435e-02
4.553256034344161512e-03
6.038156667483938166e-03
3.585898942198235267e-02
2.879932508263981228e-03
8.005155186692846855e-03
4.217998577536951482e-02
1.192660098091440080e-02
6.048343816386554547e-05
1.567034582184430314e-02
8.606725667756871465e-03
1.955298036242000565e-03
6.016086160589010322e-03
1.480285079907770959e-02
8.381404274143222644e-01
1.942287429350257957e-02
5.627143831341500924e-02
3.073226968691617628e-02
1.539317060174717929e-02
8.559315712152092137e-03
1.470008986229693893e-01
2.462074798918869939e-04
2.960393138080564743e-04
1.927186252662576845e-03
1.079995168326153970e-02
1.975792992763977796e-02
5.141018378265247921e-03
2.965864313977338834e-04
1.846657990573349558e-05
4.652812376023907417e-03
1.251202654520797847e-02
9.849949603224165539e-05
5.305301915263255230e-02
1.988425280863866801e-02
2.247643640585945957e-03
4.405299088288063165e-04
9.245691966890491609e-02
2.319810887154970941e-02
1.914487526318678183e-03
1.049250210183100621e-02
1.692623376049987027e-03
1.023669889661644105e-03
4.352417929385931847e-03
1.015043289806903497e-03
7.596722205400578687e-03
1.144446755357549257e-02
9.812268128007321788e-02
1.564805773308902744e-05
1.590256240370201829e-02
1.215536135160607684e-01
1.770149352247221697e-02
9.633952616998281773e-03
9.315883622991011706e-03
1.446003517206103338e-02
7.066261378493051250e-04
2.052742132898667804e-01
2.031744778993594541e-02
2.726135459493773255e-02
2.572865620041939368e-03
2.476314619615586346e-04
4.052959849587802420e-04
2.117559302093591223e-02
3.873933381136126976e-03
3.558479868312444672e-02
8.105193526847835281e-05
5.539857431969461704e-02
1.369456885104113606e-04
2.139692079356494362e-03
1.964979217626992760e-03
2.093439019819378147e-02
9.802124064544771864e-02
1.114603637074135884e-03
4.734841590575941499e-03
1.059183181070015535e-03
8.142506486716327707e-05
1.379601522207671641e-02
3.627577196478451015e-03
2.388149192119008203e-03
7.737336306499812116e-04
3.906443908969084444e-02
1.861851863289021032e-04
1.980250862879771867e-02
2.085914203511216730e-02
3.839164330191079718e-05
3.376231977219252504e-03
4.212877500884915777e-02
1.518888812254538291e-03
1.647086924896220102e-05
5.636621801439850544e-04
8.431216724799890302e-03
6.476415233967807925e-04
1.451368259152203966e-01
8.965739534905643997e-04
5.856281318329578482e-03
5.603623127143568527e-03
3.744202804176839997e-03
1.087444392342230365e-04
2.690169924171545782e-03
3.543194809524910505e-02
2.983259196459657828e-03
3.002245793738986062e-04
1.511291880062936785e-02
1.847717368809019154e-04
2.291832838181855417e-02
9.597402066883829741e-02
1.718680572803070049e-04
4.928956796442198938e-05
1.740569094186119048e-01
1.162989210109294930e-01
2.758995625738256343e-05
3.727961110622483192e-04
3.520923743004025774e-02
1.736696477618782227e-03
7.249562171329693161e-02
4.798869057094740098e-02
9.154683001301792966e-02
1.137404231856142534e-01
8.633878675014870774e-02
1.611671750955914056e-02
1.360463570757533157e-04
2.929977715709465927e-02
7.288699306200031413e-05
5.545388402006103806e-03
6.479478265810284521e-01
1.336633355921407369e-02
3.944674976369707542e-01
6.118352643647249726e-03
1.633883231978260075e-02
5.851671310554307389e-06
2.809551846884321394e-05
5.406227619820159341e-02
8.509486591257658938e-01
1.821214025471223075e-01
6.699263970487680459e-04
2.340227591760813645e-04
3.650661910094128129e-04
4.988721387319709072e-02
7.460071660399281157e-02
4.295052901395600572e-04
4.480720933460662081e-02
4.410226335598317962e-03
2.791814394062419602e-01
1.706134611681723223e-05
9.828630673950873933e-04
1.192102956977413226e-04
3.178635034301559997e-02
9.453509925794455551e-03
1.874437409942067770e-03
9.846026906948035506e-02
3.175371081996537781e-02
3.675968645121260392e-04
4.486034612635255575e-02
2.575622122224852702e-03
5.531585061513860646e-02
9.578110674064044261e-01
1.889547534223874224e-03
3.571127373794722934e-04
2.228620157031042104e-01
6.069444298799917537e-01
1.522706148324006912e-03
3.910529322175846701e-04
1.567930747397420013e-02
2.674513552421742789e-03
7.533480407539809576e-04
6.200113530452922711e-02
4.370691239221123278e-03
8.394748020509643083e-03
7.799276837293932056e-03
1.045121155630771535e-02
6.838323772363472108e-02
5.413821026639819428e-02
9.708531459667970361e-05
4.855973241258944653e-04
1.581769689204211076e-04
1.950563628186132575e-02
1.706028223006354066e-02
3.694392180837160252e-03
5.408534951069025182e-02
3.675679200638919814e-02
1.945882042735533552e-03
9.865792510047521544e-03
9.761605580930200754e-02
1.073059103491212684e-03
1.169478421254699363e-03
1.573647008905738193e-02
5.279360490042522142e-02
1.222954582122362955e-03
5.584474545886492988e-03
9.620524506969554751e-04
1.067605311091112709e-02
5.685534009822036747e-04
2.947717350075416444e-03
1.397370890393293701e-04
5.576393035170489152e-04
6.242026827568059781e-04
1.069086510057932690e-02
2.335757630995667113e-03
1.966247235021516965e-03
2.994517869902144636e-01
5.625964609296232322e-01
8.270613636254231169e-03
1.320840411570706523e-05
5.136136592603751140e-03
6.496977494448391219e-03
4.751603442543503655e-04
4.996257060815957780e-03
1.194695073021294213e-01
6.934708297986162803e-04
1.729235438677965975e-02
4.711416744471780618e-03
3.515841492962490378e-02
1.163415052866752561e-04
8.266829990911847212e-03
8.540529031399832650e-04
3.694815358986579777e-03
5.609029017913234232e-04
6.952184866486287810e-04
3.171379719869538648e-04
1.971182642033940044e-02
2.097971342561306962e-02
7.091201254856181746e-02
1.385390897915347343e-02
3.375658019803523101e-03
1.524784786668451032e-03
2.647162817515825647e-02
6.418415369556355055e-01
3.490009702017266013e-02
1.034948912224050756e-02
9.323099342324063683e-04
1.605111810326780280e-03
6.500123783812405617e-03
3.088209432109653360e-03
7.946257582887589080e-04
5.953740079820873986e-04
5.804843151276348721e-03
1.603058717974862701e-04
9.349169732713963343e-03
1.580531153425073290e-02
4.150612298583937552e-04
2.569756888491394470e-02
2.321279277127931417e-02
2.747750876789587632e-04
1.423370016113735537e-04
2.418877208045993894e-03
3.350568374396620946e-02
5.666814676947717552e-03
1.637649004272962588e-02
1.211034970812029012e-03
2.852921118867496266e-04
8.192856880105294079e-04
3.578175890546355471e-04
2.766187879838156354e-04
4.737269486185622692e-03
2.635133559314706830e-01
3.112461178533959712e-03
3.652434968996295071e-03
6.234509134253185536e-02
8.047896010151160207e-04
4.719556252414867215e-05
2.434857604907237905e-01
1.934072875847558937e-02
2.522754396019509515e-02
3.811956344539014357e-02
5.264329668703315369e-05
3.079989524699152607e-03
2.885784305482862709e-03
8.844986211092710146e-03
2.250260147161033675e-01
5.172960899174847420e-05
1.719000099486166742e-03
1.966284958312419784e-02
5.678546913153437875e-03
3.335937989812656453e-05
2.085738638139995882e-03
1.914052146986555702e-04
1.074971133503473293e-02
2.348915279820527457e-03
2.214901898081682655e-02
3.404614224217001467e-02
9.863294613126021015e-02
3.476065175047228228e-01
1.487279748220918371e-03
1.995641141241291661e-01
2.786385115344791174e-03
1.912449502123103173e-03
5.177190310533220582e-04
1.153971205669732548e-04
8.989911151342525053e-02
1.089554924034188233e-04
1.366490175838092069e-02
1.942656625144303234e-02
6.558951955232625135e-03
8.275592430249499587e-02
6.163433088795677861e-02
2.720010215313130417e-04
2.370258685461450188e-02
1.071685967603270141e-04
1.293056171161618517e-05
6.763936251057835018e-04
1.653561584674848040e-03
1.127276765571598709e-03
4.258997365875014248e-04
6.233603519266162074e-02
6.658851764323022110e-04
6.587237056115948786e-01
5.948455124031153682e-04
3.233980783762519743e-03
4.603989745922079267e-04
8.705602122722907142e-04
4.291053221878981519e-04
9.487752388720868679e-02
5.720500707823297044e-04
2.911051230116589415e-03
3.205683955826201803e-01
1.013914888006892286e-03
7.845313831011437858e-04
1.715893445609086021e-02
1.684784110098234977e-02
1.641796944004601973e-03
3.998795680784916615e-05
4.144611233650330072e-04
5.329900551314348603e-03
2.153589797346295188e-04
1.797281039950620468e-03
7.621903530371758198e-04
8.272177280873179665e-04
4.035881500289660020e-04
4.375794141999011090e-04
3.441478887800211478e-04
1.654796813202150140e-04
9.616316017687743384e-03
2.431201539502920658e-02
1.766027005736425966e-04
3.172884838530226626e-01
2.232663160938824082e-02
3.160070049185781816e-03
3.216202968415282897e-03
4.624333819260204818e-04
3.082898277401381962e-02
1.642773042395277976e-03
1.972094140652533648e-03
3.789587438964658970e-04
3.426661038625763989e-01
9.706364563689045405e-03
7.085971533354815978e-03
1.053957503639160439e-03
1.125006276360983810e-05
8.026508426939667554e-03
9.517175974643735841e-04
1.948001829256534574e-04
1.694020537477157907e-03
6.791917741480712730e-05
5.379549834539448794e-02
1.455189186586146235e-03
1.546050970306145911e-01
1.350876112874598370e-02
4.495974157638435442e-02
1.078863360257515443e-03
5.415201706501007566e-03
3.067266690512685523e-01
1.238296739057058449e-03
5.188272440788350981e-03
3.497677146785783675e-01
8.081101828998522862e-03
1.079033788292828034e-04
2.615191988289563424e-02
4.836885655881175729e-03
8.783507412724076563e-03
2.019415333581657535e-02
1.121601792548133046e-02
1.396721658140931421e-04
5.135528701491854720e-04
2.407714571874334034e-02
2.383228119134855882e-01
1.715261078809668729e-02
1.598851973791460320e-03
4.699102468931432020e-03
9.248670507884909327e-04
4.740914563185129218e-04
5.722557725578200638e-02
6.425090317969645026e-01
1.592755459598132290e-04
1.883109294443240675e-04
7.539192121705045029e-04
3.105686552233791545e-03
1.634136874767529038e-03
2.706135468763920505e-04
7.694559316434811634e-03
8.153188532163425928e-02
4.931150093861572659e-01
2.470940406952658449e-04
3.039292939286944092e-02
1.615970650208674113e-04
4.792643032219898701e-03
1.019778939585452328e-02
1.171478897377592997e-02
1.489813751922314418e-02
1.764822791792904078e-01
2.575501991616979832e-04
1.613152600582382513e-03
8.506637077097561894e-03
1.839071581201167094e-01
1.719262402696442483e-04
5.724625394182357441e-03
1.675265837714172621e-05
8.698217291309295754e-04
1.619698984574632905e-03
1.826081849604754620e-03
8.275582755084601692e-04
4.711097248738885246e-02
1.592941609117159822e-05
2.279521381904641569e-02
3.679464003691398227e-04
9.959804672587656629e-03
3.312768616715791722e-04
2.117313113973302505e-02
3.216554310511545584e-02
1.392267406669598639e-01
4.709513174818013171e-04
2.015708668733587616e-01
1.157688068417109667e-01
1.969322537206190105e-01
3.297352033506464018e-03
1.421606716656047265e-01
7.675518692434081525e-04
1.742128322803473406e-01
5.361375470267226023e-03
1.270769949412204171e-03
4.622519209321365900e-06
1.383086582131927682e-03
9.966300451482818998e-03
2.276758985475057281e-03
6.249368786218947869e-02
1.690523653264953616e-02
5.128756742821311346e-03
1.019589727668576652e-03
2.508027469047555830e-02
1.250682386437048862e-02
4.545225587277681306e-02
2.965148267268426230e-02
8.251254381218788708e-03
5.201432298872255000e-02
1.085153570031177368e-03
4.138900946461496785e-04
2.262477642151777433e-04
1.952347800158632865e-02
9.999104040496689660e-02
1.917406995936777464e-02
4.180373846738695554e-02
4.097260425476895174e-02
1.804186404580214757e-04
1.464509448503040602e-03
5.240585414864198412e-03
2.002827368292490473e-01
1.025393998060629419e-02
1.386301934212225695e-01
2.647233505330740064e-03
5.679765791724539041e-03
5.414487020726109143e-03
2.270286573872659294e-02
8.668292088896682734e-03
1.025622596962798630e-02
6.394460331597824621e-02
3.104842391198061810e-04
1.255712742068330022e-02
1.622204778227336877e-03
7.036049492612938725e-05
2.193649573867950003e-04
1.019207071398430409e-03
1.759356171222802273e-04
4.417185361498131464e-03
2.241323607877220361e-02
1.731991527811088671e-03
1.154394621222887621e-02
1.002348302597140181e-03
7.179317398557317521e-03
1.239377657999701007e-03
4.794936886990486258e-02
8.017660197075056816e-04
9.855793858910614214e-01
7.732765248142767136e-04
1.727768003284021569e-04
5.186386702299360888e-04
4.290373234512958635e-03
6.140983655929607155e-01
1.365044981615481760e-03
1.940948963773695204e-02
1.830423845995989354e-02
4.027698366004523606e-02
1.339182566465618035e-02
2.773868097898668852e-02
1.855614437548479614e-02
1.356682466771168619e-02
6.502008715735625374e-03
3.082542571476850832e-04
1.011109452574193365e-02
3.181837624553338073e-02
1.352357191084038041e-02
4.703190700048898187e-04
8.768695059977284819e-04
2.200498212355042789e-03
1.677880369580613199e-05
1.913642663259174266e-03
3.182728098372800130e-02
3.908937554466879877e-03
5.912220071162250070e-04
1.930912643820266450e-02
6.336210331829977838e-02
4.104695538848046610e-02
3.974885877383700639e-02
7.055099813441411728e-05
1.631002341620885893e-02
1.384150968153110639e-03
1.627149247836979715e-02
2.329040305737958057e-03
9.495146058956569976e-03
1.007607859567644232e-01
1.425307269791366337e-03
1.606654262091236629e-03
2.015852103777667718e-03
1.573770800826847505e-01
1.171733862311339600e-04
3.834477010990466330e-04
2.598268118192402151e-02
3.247860717979256543e-04
4.863006753963233786e-01
6.936535471001721576e-02
2.572787519986442090e-02
1.140866471440035159e-03
1.475396803110824500e-03
8.821606557499004492e-03
4.803573062469178312e-02
7.003693741958869523e-05
3.947547735168930108e-03
3.321241613885672714e-03
3.720111194210127051e-03
2.127413157352923533e-03
1.301421425447446545e-02
5.882298535045658860e-02
8.011939146525993982e-02
2.505825893701356388e-02
4.697031673492928217e-02
3.534651242936828270e-05
2.868214403543150074e-04
7.363615882346998855e-03
3.005582983108970319e-02
1.541469158568312733e-03
1.333723634806296444e-02
6.743999269244586349e-04
4.522541329252650032e-04
2.492063691008157469e-03
3.945531244258340675e-02
1.928030256977993637e-03
7.720331885847403659e-03
5.148015013830372320e-03
4.011814199369277863e-03
5.258235397900761730e-05
1.192683853506533165e-01
6.448530451226059832e-04
9.548729416562002498e-03
7.496329882499620616e-03
2.107749487746950201e-02
2.736645839981110759e-02
9.269567194158612189e-02
9.481071829784038993e-03
3.523015461002467971e-04
2.424113220039182323e-02
1.246605750915493437e-02
9.888522769023119774e-04
4.286785547438358738e-05
2.651346660133949151e-02
6.715457942257336589e-03
6.943490860913159417e-03
5.705492846620939746e-04
1.435990903724687910e-04
1.581736168544800036e-01
3.114512787392915462e-04
3.381598795812600127e-05
8.816241593527974921e-05
4.838566038270314743e-03
3.053979788113075564e-02
3.608964194012494967e-03
2.745771070021610916e-01
4.079775238192241693e-02
4.524774285688895788e-03
1.158958969114860706e-03
1.275703091878108500e-02
8.484195632818993318e-03
5.205251152587551250e-02
8.180976332273406232e-03
5.297591501499014990e-03
1.859385939756323380e-01
2.516299422940857997e-02
6.013534913799025339e-05
1.005564942128313322e-03
3.993133763865431250e-04
5.216339106976814084e-04
3.245074216598796413e-02
7.786056083514781645e-06
4.758733105325384607e-04
6.930892449761957841e-03
1.370504818837524515e-02
5.766679959586523685e-01
1.425726979521486210e-04
8.116085866816734155e-04
2.578519076610352213e-04
1.701662316399779476e-05
1.463691755383039576e-02
2.514480573747729375e-02
1.929243488105743622e-04
7.734828202161555533e-01
2.140465637567576023e-04
1.393569567385150845e-04
8.730758508173442484e-03
2.450888517916797321e-02
2.021600942633213806e-03
2.748219256007167904e-02
5.694300377271440533e-02
7.323173270725108659e-03
2.741740426810952247e-04
7.098693739762861532e-04
4.351921053497554933e-04
3.089385768947424532e-02
4.161088200737290792e-04
4.474897275697632508e-03
6.370294628854396811e-03
1.058648062679449081e-01
6.415322014555387142e-02
6.463696416431132311e-03
3.179016111122408977e-02
6.158587133173015239e-03
4.638957568979541410e-03
4.415212611559546124e-04
1.962903657593027883e-04
5.590928678460390299e-04
9.701831752305645207e-02
2.503100140602087034e-02
1.097204839422502923e-02
7.071264428994621792e-03
1.177734303471421112e-03
3.827278905673574955e-02
3.308774815683374580e-03
1.760300385723087167e-03
8.353735389360143456e-04
5.664924980004817234e-05
6.314922323924209227e-03
4.915952697385397304e-05
1.088696337350761149e-03
2.821791492796353346e-03
3.803114555773739330e-03
1.298019859619333263e-02
8.614791089620409516e-04
2.218640437926948416e-04
1.583998921662132554e-03
9.203279682958410285e-03
1.523452014811870481e-01
1.889778604224005409e-03
2.241100589326218244e-03
1.243470019342445877e-04
8.148663619632337193e-04
7.610094352114128247e-05
1.419572590084494093e-03
4.576728253196490209e-03
1.008858342031852991e-02
5.103139929252098472e-02
1.438340717297559856e-01
4.156030516437758020e-04
7.663569019574897542e-04
1.920986094521293791e-02
9.649116750458160141e-03
2.437028136579185832e-03
2.235036418581386381e-04
6.586210906111169931e-04
8.651165038902632574e-04
1.520825374216415405e-03
1.493116879910455757e-03
1.391688426173117929e-02
2.331513032972083732e-01
8.283176524118197881e-02
1.881358291633433016e-02
5.911040870110988686e-03
1.850532075731622234e-02
7.840937508001893832e-06
3.090392634951100864e-02
5.315600547740730875e-01
3.068622541841060092e-01
2.398540193086528410e-02
1.398535467775566395e-04
7.471290167650940011e-04
4.993027458421951149e-03
6.830410538718658525e-04
1.273585679299573444e-04
2.438189927141342500e-02
6.029045722112955173e-04
2.354835971911032558e-03
4.854404516910054354e-03
8.151980306258378543e-04
5.228948507770116508e-03
1.740774110951229161e-04
1.466162113768065996e-02
5.536595365487684446e-03
1.041904166947876711e-03
1.023619819900657701e-01
4.589793326730757794e-01
1.914259302917773950e-02
1.609002588733495116e-03
6.354499720615310043e-03
1.036768264824805319e-04
8.929953202738656615e-02
7.049631213110370276e-04
2.558633856090698419e-02
1.400783199188244676e-01
2.420415147342886431e-01
1.292626958458386070e-03
2.053903462000930269e-01
2.038256546729650277e-03
2.526305353300964938e-04
4.871167310305184357e-03
1.262882721786238852e-04
9.902917428492309659e-02
2.102246773817818224e-05
1.130045399042197655e-04
1.467080164935250842e-04
2.499859803161437314e-04
8.414316672232235181e-04
1.528204032160624184e-02
6.738239036613784955e-03
2.221113091408672205e-02
6.393347266960278281e-03
2.990311915705231582e-01
1.154412017390597095e-02
1.630492190108791110e-04
2.634669531785956923e-04
5.110689658195662066e-02
8.659605482386751435e-05
4.778747629549884302e-03
6.394900556570171264e-04
3.278045048852524287e-04
2.911992419031173007e-02
2.810812516352469018e-04
3.713502698657492052e-02
5.235205571356936483e-02
4.421005079004152599e-03
5.795430886732105564e-04
2.135998366762592929e-02
3.899716561783325014e-02
5.178511541240337496e-03
3.129376033471840957e-02
6.727139989947602226e-03
5.323927404915128553e-04
1.527790407060591838e-03
3.642909321518616908e-04
1.220351248343223838e-02
1.617061699827572601e-05
4.194047967568225420e-03
1.020389480189866648e-04
8.513557743155290500e-04
3.974615487290769078e-01
1.344390447691819375e-02
2.858652569342515128e-03
1.927478979431842751e-04
1.541801105124911359e-03
9.175879571927657644e-03
1.265379045292272823e-03
3.664795846333952344e-03
9.793408577320144789e-03
1.586272247024216248e-04
1.454227799142160382e-02
2.979842532377065256e-02
9.546070389540924905e-01
5.267410052742704796e-01
8.897425474627985720e-01
8.344519673791177539e-01
8.659796226371021532e-01
6.229023582692722744e-02
3.140753299481665595e-01
3.505282023051939366e-01
9.557700856145112667e-01
4.037731746306794101e-02
6.561965391046746809e-01
5.981809546750194162e-01
4.621135407675689560e-02
9.645173367597702496e-01
8.470392842361137431e-01
2.852059147417965179e-02
8.237957004870951616e-01
6.724285880458628073e-01
7.596238282486702520e-01
6.256014256346038582e-01
3.298042807809402066e-01
9.868218828767623130e-01
8.920331022889421702e-01
9.332229987899709478e-02
7.852691232129835885e-01
6.605641608285480748e-01
4.897846293021809738e-01
6.459569080833089672e-01
8.837417810463930046e-01
4.199163638416106292e-01
2.114694834477056640e-01
7.978542807018736971e-01
1.227824518052538921e-01
9.240484039360787882e-01
9.922129808543269647e-01
1.598899876998620961e-01
9.297283050992877218e-01
1.413677870445224083e-01
7.611626283147853167e-01
2.469865957812795998e-01
5.551157893932054943e-01
4.392303489810266137e-02
3.311135414856682946e-01
7.973942027757304762e-01
9.395319577196181715e-02
5.531529007370518114e-01
6.516449003521761485e-01
6.135444783997778817e-01
9.667125577766378930e-01
9.766611891175490667e-01
7.639088559799684930e-01
3.516656190965226081e-01
1.886660028149154122e-01
9.212784924034119749e-01
4.232809733038163658e-01
7.606528443374850346e-01
2.486025274529428675e-01
2.036901282465839458e-01
9.868200860564984023e-01
5.103329058456629319e-01
8.750608229426571905e-01
8.500718746419834160e-01
9.550107117335514539e-01
1.413363984412756291e-01
2.718649952247126911e-01
2.281174561345885865e-01
3.177533508911863092e-02
1.990091759219345113e-01
5.846619655589558873e-01
3.641134358710171881e-01
1.287126135266417337e-01
3.508016911746072997e-01
6.532893660528282798e-01
1.234701994414565268e-01
1.374666385267441504e-01
9.613101511291884949e-01
5.006499921007910858e-01
9.208316306200493573e-01
6.029439851877151924e-01
9.933128131056049304e-01
2.836778491416314663e-01
7.771400354387668630e-01
6.760431845121082084e-01
7.515344649962597545e-01
3.944695044874698131e-01
5.650070518827932098e-01
1.235679140404881693e-01
5.465088340392346700e-01
3.381433600633492603e-02
5.599416767309587373e-01
2.969272063716075771e-01
4.965684810365465079e-02
9.076393577520603939e-01
2.837935050234922651e-01
3.354105957812993366e-01
6.166458364976409312e-01
4.348658122617714006e-01
5.344952577912186475e-01
9.285943615593894584e-01
6.660981325787046492e-01
