2.904968765903696570e-01
6.946520140805088062e-01
1.852014445566430578e-01
3.704313319419084288e-02
1.065627647592534977e-01
3.700737854343404132e-02
4.586672834118352485e-03
2.061910232658694178e-02
9.424902954258783730e-03
3.430375432748742903e-01
6.315366285326694251e-02
1.160467519442658253e-02
1.772108350377290531e-01
8.940090508823368420e-01
2.376086009162780080e-02
5.558675009124290634e-03
2.592366181601059028e-01
1.609983325452417834e-04
2.434268112355912617e-03
4.475871238334289126e-01
2.966585054507276910e-05
1.807155450671168173e-01
8.446612598888522151e-04
9.418740586007671306e-03
4.851821715753359878e-04
1.816348939004677754e-01
1.118637636906391359e-03
4.436864480779709879e-02
2.536039869077304221e-02
4.959567738561442285e-01
2.239091928665950040e-03
6.265231962839489140e-03
3.436387624554169129e-01
1.098840170445430301e-04
8.639928091554610091e-04
5.441784863910199962e-04
3.085352839690214469e-02
2.698126056275942375e-01
2.061527020187397044e-02
1.188409284050064157e-01
2.212988551942339510e-02
3.489064109940339547e-04
6.061673663391812031e-03
5.301140680676560968e-02
3.103429362422490019e-03
3.453213518750259878e-03
4.999082770008145826e-01
8.972896396326000834e-03
1.206683526765849751e-03
2.919590277899501429e-01
9.106331649399177497e-01
3.920188633493334324e-02
3.728475527172866316e-03
7.371975625180715586e-01
4.507118246258006722e-01
2.518800219586136459e-03
2.568750169948122442e-02
1.506444089811532355e-02
6.451339913699587723e-04
1.535540114317018694e-02
1.143540575845330314e-04
3.428581735408097689e-03
1.514593918836037306e-02
1.900464542652510469e-01
2.895976695961657854e-04
7.511638475805451076e-01
6.305332487092242923e-04
1.343894995925773266e-03
3.275599738832548485e-02
5.658597000317955317e-03
5.175934576337111806e-03
5.882951593246526362e-02
1.814805655691326602e-03
2.120320746965510816e-01
4.574043454637423123e-01
3.729803034302017783e-04
1.426071831511007510e-03
5.757991476612042215e-04
6.456257997345405016e-03
1.890520322147503929e-01
9.647790726408166373e-01
1.296145761725033263e-01
3.386524347295171919e-04
1.822080238869071452e-03
1.749577842853274631e-04
8.997898040108729539e-03
7.653203163899696682e-02
4.463753360875576809e-04
4.532089412716380598e-03
2.372617589122990884e-03
3.098089814399544450e-01
3.611442593264992396e-01
1.219028543184727488e-03
2.876949722138639857e-03
9.771525337041550019e-01
7.361103869579852521e-01
2.602920340311381175e-04
1.816515430313515866e-02
1.481601515375794266e-03
1.501484874329437613e-01
3.680014315772782169e-03
9.080416257397350144e-02
3.161994005206442693e-01
1.635607823926877105e-02
1.894936101009696283e-02
2.556579503555273230e-03
4.076176030556924110e-03
7.778368282309320366e-04
3.668178057445210111e-02
8.799588514947909515e-03
1.272278321467609219e-01
1.535964189010079412e-04
1.780262000287122443e-03
7.782741514753683393e-03
3.704137246556784191e-05
3.938553412444462283e-03
2.370104410480768642e-01
7.419418137712424694e-06
1.836228077355969018e-02
6.381639420833905563e-01
1.087030997410642365e-04
2.366083569323368992e-03
3.927064261463278187e-03
1.820144828215164157e-01
1.443820257019830522e-01
1.500998124522554267e-01
5.834972359683522625e-02
3.589689464044109601e-01
2.087292574887619854e-03
2.417704923264645325e-02
2.662657659770589422e-03
8.227426968691822426e-03
6.750458983529110668e-01
1.774458925708334578e-02
1.158402681953088487e-02
7.397976004600390065e-02
5.826644253342611827e-04
3.824741958496460925e-02
6.081782694100414121e-05
7.479719847799271449e-04
6.743550587394225772e-04
7.343286919766781051e-02
4.333316339483873209e-02
4.852263278108485782e-03
4.014293718864827849e-04
2.159832328263940917e-04
5.032669324305354304e-03
4.320650848001071805e-03
9.450699004379079253e-04
2.874735582524033314e-02
6.829882163449325916e-02
4.406883220902269461e-05
3.668461748314979891e-03
9.124862032911648852e-05
8.168408982013282138e-01
1.631450420807308843e-01
6.123756674798482014e-03
1.201237223016606232e-05
5.374098827678046655e-03
1.752600690131284359e-03
5.229371688928790007e-01
1.750335500254364624e-03
8.237210976075794047e-05
3.166254095798013563e-02
2.636824989140732281e-03
9.192492122012626554e-01
4.617024057094974536e-03
5.366326304065163061e-03
1.587496283710806809e-05
7.636181491901585135e-03
1.010150951149899230e-02
1.962043540864208402e-02
5.722254678867318978e-01
4.574173866137276438e-03
5.117491872599667646e-01
3.036365887454894330e-01
6.099525701251586884e-01
6.186931708089052351e-02
1.219036882604333377e-01
9.167616344792519148e-03
1.551265761751134675e-02
8.031641732353790586e-02
6.336509890790713306e-02
6.458203321297492118e-03
7.523319380299028358e-01
2.106927887874351490e-03
5.203017229572704698e-04
1.332305890974917473e-01
3.722937021791690362e-03
3.961538186508525329e-03
1.478207746590689653e-04
2.196011103569322706e-02
5.273072355283076572e-03
6.280718968268190908e-04
1.658504557597406115e-01
2.494084448276058562e-04
1.090249829840345044e-03
3.102437155669249824e-01
6.538324269470503491e-01
1.636736794502369197e-01
6.835984772694066181e-02
3.401323853475381881e-02
1.357467688747849774e-02
4.106801003274566236e-02
1.725710399098889444e-02
4.435899057347648666e-01
2.638792649015695435e-01
1.385629229687259101e-01
2.692771794707386410e-02
2.219958943257303863e-02
2.795886914212989197e-03
3.417217532150835965e-05
4.177933007658672648e-02
1.121298030402452378e-01
1.461283321637738553e-01
2.471132396585980565e-02
6.935979303944786456e-02
4.216698399084005920e-03
4.093623771980101599e-03
5.578198183558932266e-01
1.120316605766767844e-02
6.307630150100466612e-03
2.958514979902930608e-02
7.600494715365030407e-04
3.544614866494223970e-01
4.057300808226874111e-01
3.309759710733217175e-01
1.520098358902538700e-02
3.950491836816914792e-03
6.827154764259472756e-03
2.172599352079104262e-01
7.829840945811226971e-02
7.220564190359750160e-03
4.941001821793655768e-02
1.817625641290544491e-01
1.454883832632790711e-02
2.075898690211675293e-02
1.837199940008880927e-01
4.275257380266870438e-02
2.008037759220505914e-04
3.973072763262197604e-02
3.892701385520416085e-02
9.096051686338575346e-03
1.698274913466101682e-02
8.654560189336596432e-02
9.884357820973902475e-01
2.833063233140211135e-01
2.531776600593537707e-01
5.432647770765035300e-02
8.392193277531238838e-02
6.333834089328918560e-02
6.378080512529235024e-01
6.680297129085110844e-04
4.863825690351610519e-04
8.111903599450210126e-03
7.254866045710574307e-02
1.190157228122890043e-01
1.407526822435056953e-02
1.804938383383100295e-03
1.099397930141919945e-05
1.228268333453018737e-02
1.306979221152131387e-01
1.809205398845947354e-04
2.661610819799905547e-01
8.602124493221677271e-02
1.066276583986998719e-02
4.307093281913585694e-04
6.080692868009341945e-01
8.031016283048124371e-02
1.365440319794791572e-02
5.427266232325238943e-02
9.223811477868144523e-03
2.948350016146698751e-03
5.221763765895567899e-02
7.973441945305964965e-03
2.480912083658970424e-02
6.777186135697377267e-02
6.496600036649103904e-01
4.313511524153594344e-06
9.496744899388435968e-02
6.529877625626104853e-01
1.351156190095164911e-01
1.005959735452780779e-01
7.270968684172476881e-02
6.918465334143750201e-02
3.023245470458030531e-03
7.371656516220594924e-01
1.796895666254722246e-01
1.762010528498717254e-01
9.234990963825641039e-03
3.081805482260762644e-04
7.189101583993474714e-04
1.245365213023845175e-01
2.869727069784896306e-02
1.576055594375798119e-01
1.191944737440434223e-04
3.431109768910981517e-01
1.388467788890995443e-04
9.643575284410647527e-03
8.977192156724130359e-03
1.085250900773092747e-01
4.573064792536033485e-01
3.199233095534069048e-03
2.450245781661987074e-02
3.617782062306684060e-03
1.101400403310910187e-04
5.863678866358806169e-02
9.704478297327808964e-03
1.348405101155136093e-02
1.114289410005314934e-03
1.898417523628294634e-01
4.451908542599134432e-04
4.842809330627007025e-02
1.675559407304934301e-01
4.612479768585802157e-05
4.440604609374222862e-03
2.098324426230940010e-01
4.950450035490253434e-03
2.615471752223627507e-05
2.046169489562980458e-03
4.920676655828155888e-02
2.007221153452783471e-03
6.205842057550825519e-01
2.422510220713543043e-03
2.404803303451338511e-02
1.343991321168741711e-02
1.969935422546040954e-02
1.428764212552180240e-04
1.606250120749964233e-02
1.663649232003336920e-01
1.015826876781094137e-02
1.404493911817500341e-03
1.192802770968932335e-01
2.253401275555732349e-04
1.886612023696690732e-01
5.043645032599408662e-01
5.890923670085507647e-04
3.383358841830999379e-05
6.322014661722787920e-01
6.653961547891745765e-01
3.558252461879281731e-05
5.026913525683966667e-04
1.015037209177309940e-01
3.520650268503267531e-03
4.898968068689023014e-01
1.761898707814144593e-01
3.490382589532380342e-01
4.696298712865664693e-01
6.698067135163874308e-01
8.526323367956233079e-02
4.642060113870213650e-04
4.971565831551643666e-01
7.957669850997606861e-05
1.867609382689119565e-02
9.462092476534749164e-01
3.369732952379862062e-02
9.403295027562471597e-01
9.454815447506070836e-02
1.068815174888353425e-01
7.350037253634505040e-06
2.172542919669187515e-05
2.650055438012541287e-01
9.967340109757762967e-01
6.059464973804252752e-01
1.452667615257699323e-03
7.367030724339532688e-04
1.009895080529833473e-03
1.698403915140771492e-01
5.681444496057823645e-01
1.584869568045321970e-03
1.975988455696548740e-01
4.469203368757265066e-02
7.007779638870897942e-01
1.326374728866938575e-05
3.654174697992294222e-03
2.541209592656549056e-04
1.575877533623897819e-01
3.546081645017585410e-02
1.018649370766723863e-02
5.957639111000536669e-01
2.185151241498065056e-01
1.118223137720586458e-03
1.695215544002624808e-01
1.254827639880978958e-02
2.593258527396726243e-01
9.980301119269515686e-01
1.042283414076192009e-02
5.350276171127188755e-04
7.676260623035686681e-01
9.705899664834587437e-01
1.983537032198943659e-03
4.410240260779475655e-04
1.070924830457646859e-01
6.933023162733568771e-03
3.292120239159706304e-03
2.743709641963493207e-01
2.231225024302578921e-02
3.563654560825428586e-02
3.305635764150394867e-02
6.517656997063661639e-02
3.191574802164754976e-01
2.694608332311602683e-01
1.829318936029301782e-04
2.928961444048423790e-03
1.511014177986642654e-04
1.014512660081768464e-01
1.496898408645097323e-01
2.923332028215255146e-02
1.421758195387459733e-01
1.405661441719654459e-01
5.679175133775051648e-03
6.310799938405189935e-02
5.867388514598785854e-01
4.157676466631200600e-03
6.405952082775063193e-03
1.191879247019806964e-01
4.487683982879773215e-01
5.958847147960149963e-03
1.514118013093485905e-02
5.767007260256643703e-03
5.584694745581960523e-02
1.484603979710584281e-03
7.517745482034138456e-03
2.415858738929100203e-04
2.740086613877049538e-03
2.663657524321209977e-03
3.124989800228739067e-02
7.276406324590653854e-03
6.229906273887550992e-03
9.347396589269627576e-01
9.702228213726715733e-01
4.451304783320932101e-02
1.208673487187728792e-05
2.297079575910454877e-02
2.545957906491454550e-02
1.938433783012043048e-03
1.504382179762917167e-02
7.052471254348435803e-01
1.924927758026652187e-03
2.689902088704380079e-01
7.628608796828937298e-03
1.559791607458397567e-01
4.640560711838688751e-04
4.047931939671770701e-02
1.893589951764922726e-03
1.260993823406171381e-02
2.702187182703529814e-03
2.278912635604522265e-03
6.023744866861835716e-04
7.888539852581787082e-02
8.369666831597039058e-02
3.168375403904988841e-01
3.520168862909445195e-02
9.186546888856962287e-03
4.692375716699358212e-03
1.558258801864446930e-01
9.379618526155244496e-01
6.967344885775243746e-02
3.889478485623665271e-02
2.260537349905980455e-03
8.986015003512112451e-03
4.026628621611121062e-02
1.639533552446400394e-02
2.359095931990870185e-03
6.792758603483974684e-04
2.586493476788144161e-02
3.952797433512194539e-04
3.748720568410854326e-02
8.173510704942540950e-02
1.153731487564238403e-03
1.007815526135859979e-01
1.002054729989094173e-01
4.731928137753182821e-04
5.403133925780765484e-04
8.818735330079312262e-03
2.261645109798754716e-01
2.164751433591266538e-02
6.665163152548893299e-02
7.466862127797615697e-03
8.617794879570751538e-04
4.837363705654516496e-03
3.010293333581038049e-03
1.004608908637540359e-03
1.481600282957090675e-02
7.814466010121415840e-01
2.200033379231603956e-02
7.089129705422574090e-03
5.012366558353472668e-01
2.863331606497056779e-03
1.290302864488424592e-04
8.291306557316849846e-01
1.719138467999534181e-01
1.073777598847601711e-01
2.127644357176697310e-01
1.188466700408057238e-04
9.263407488881093138e-03
6.360765891501458588e-03
1.414915818912105237e-02
8.377533368719929374e-01
7.894247063557473265e-05
9.906374309145517254e-03
8.935864637413637457e-02
2.107467762983749812e-02
2.560229604612219035e-05
8.998982295676756504e-03
8.791649694606160472e-04
6.761790409241291711e-02
1.656158374904069183e-02
2.128476950047587801e-01
1.227734905680297195e-01
5.271633705697977845e-01
9.471869551425735612e-01
2.902148061712261397e-03
7.978944694297024354e-01
1.996334254200419697e-02
7.660588900033037107e-03
1.248102267401121493e-03
3.431663448340195751e-04
3.458045635882033286e-01
1.447868692970553386e-04
1.228921033469688590e-01
1.150091772749288199e-01
2.127978225459017242e-02
2.973187751875817630e-01
5.073175026499127105e-01
1.094110908756487296e-03
1.795215012780237152e-01
2.289597243855014401e-04
1.628816253094084480e-05
2.265448749202088156e-03
8.579176114470843384e-03
1.300947637615966837e-02
1.512130845723228412e-03
3.620388060016853093e-01
2.559132553617165986e-03
9.734021532334881099e-01
1.495564837976619743e-03
8.186277129186394705e-03
1.084732165590970333e-03
6.067800353557457546e-03
5.590011209781805407e-04
4.166847096496376079e-01
4.724940212460662734e-04
5.866633353989860432e-03
8.516508059635172767e-01
9.339764855574839673e-04
5.327174483966588651e-03
1.465878913901514091e-01
1.132511306623831260e-01
1.216139326222604074e-02
3.433118318646892405e-05
3.836237263153152201e-04
3.030304672672465977e-02
3.013803005872667923e-04
6.641739579187513724e-03
2.151142770629122566e-03
1.808774653409228822e-03
2.118992058670754550e-03
2.438773135880503446e-03
1.182954952552798958e-03
4.133196553468915452e-04
8.631812060758624339e-02
2.623958645447466154e-01
2.987045166298667675e-04
8.403203077839350721e-01
1.250469548188962166e-01
2.310473815333752637e-02
9.860044368603554030e-03
1.079099478923055975e-03
3.903346995573177547e-01
1.684478472721617770e-02
6.677040226236097102e-03
9.450768658196377625e-04
8.122053581435543235e-01
1.204780096935582356e-01
4.139740561236673888e-02
3.404142659441873262e-03
1.227774684447817073e-05
2.923599567466719437e-02
3.251815982853842497e-03
1.362473658977436100e-03
3.006521930877389774e-03
1.155155532905304515e-04
2.465012000573382211e-01
3.290747304739462514e-03
6.520348484375511067e-01
1.336514686626640580e-01
2.429856842749425483e-01
2.723458080968378051e-03
3.155894756440945359e-02
8.276322864497077658e-01
4.250354244538775104e-03
1.925458108202668384e-02
8.762419252906870071e-01
2.900319659218380738e-02
2.469646931594511314e-04
1.883320860464589575e-01
1.766488442370851147e-02
4.567365628265318556e-02
1.190633750480693531e-01
3.331144595354552235e-02
3.244509253079278801e-04
1.345981505476582466e-03
1.669961670941956522e-01
6.504073420109304227e-01
6.721435927627819606e-02
6.385284911404373598e-03
3.572252523688311532e-02
5.423909209121975140e-03
1.985651416307644343e-03
2.423577242325351544e-01
9.671474688365351291e-01
5.403955422596163792e-04
1.497584739950682099e-04
3.204207495462153658e-03
9.072866347880823717e-03
6.744018656758454106e-03
3.370249025922567444e-04
5.266338600460956920e-02
4.319331386557439534e-01
9.592189326512937653e-01
1.055824947178140086e-03
1.549850071468303614e-01
2.413157118858784552e-04
2.556711837517865182e-02
4.893038521573006561e-02
1.267265068173757114e-01
8.901676436810217197e-02
6.248497697673819351e-01
1.329993253597900075e-03
7.366013258523548303e-03
1.635831112094251680e-02
4.216504184430149293e-01
2.177320372677956424e-04
1.005126498345220408e-02
1.520979911705836282e-05
2.255329608915268395e-03
3.611391908719571633e-03
3.529620574451833998e-03
1.961360891154831452e-03
3.519010265556639649e-01
1.395779461565444990e-05
6.064418905132289844e-02
5.815829614068509157e-04
3.744193511648383904e-02
9.890377750811534582e-04
2.245811106076149311e-01
2.559296153846792876e-01
5.450365661824380092e-01
1.160261604013647580e-03
8.294488924165098753e-01
5.224154169181314256e-01
5.523932968695083323e-01
5.741068233176571146e-03
6.994350928373517240e-01
2.620057320112966805e-03
6.885984541168596040e-01
3.191357297603707177e-02
3.660795567801245799e-03
2.965689432179773035e-06
4.891401529542234797e-03
4.138265447586891160e-02
6.488661768460633403e-03
3.943079505903998583e-01
1.255545959225552455e-01
1.653667362199070720e-02
1.447397993197921482e-03
9.206105936090019926e-02
8.288265815698643568e-02
2.559466204145159351e-01
2.150455049360186222e-01
1.823867449423755560e-01
4.233304534706400779e-01
1.473575780963683017e-03
1.114955437640723296e-03
5.343911158724940543e-04
7.182557913518550219e-02
6.561700515292848701e-01
1.213808212660225927e-01
3.159333072814589083e-01
1.409817216596107314e-01
4.565716697829933532e-04
5.309927074536144494e-03
2.072363056887444391e-02
6.819965770130412830e-01
2.006175477487786088e-02
5.779108844989430116e-01
1.201565926733941421e-02
4.126429113462490306e-02
1.157733136981273572e-02
3.031972856699072238e-01
4.853522983712257877e-02
9.833313800986238917e-02
3.250938854057304761e-01
2.173675869374098665e-03
6.342183047316227174e-02
5.537309531093441602e-03
1.053508246537209332e-04
4.041141834516249988e-04
1.761029990193356456e-03
5.861903249308687749e-04
3.766842456736579914e-02
8.865891968164836545e-02
2.454882782721280396e-03
5.739020334682984337e-02
3.165282948519514833e-03
6.506722899888038592e-02
4.632380829656793098e-03
1.413561505240442384e-01
4.014567465987431069e-03
9.996395895127557774e-01
2.285591694560228787e-03
4.201046334166522200e-04
1.481034928422292167e-03
7.687890332431004774e-03
9.815368962072613668e-01
1.196867246614832184e-03
2.745146993396913593e-01
1.028240610872095673e-01
3.892245220885094392e-01
1.554065756174494717e-01
1.834983154767581837e-01
1.992581023541055429e-01
9.759525357781964616e-02
2.425621309067109779e-02
3.940344654260042115e-03
2.768800862924628362e-02
1.516941008387650558e-01
1.344321937108955978e-01
1.372514816646656140e-03
6.494484241702412446e-03
1.190572209563122742e-02
1.916910046255049536e-05
6.594162650398847393e-03
2.257729106543032715e-01
1.048947670130919753e-02
3.694460174260178875e-03
1.035574809161400739e-01
2.690544329988933669e-01
9.456826808655217909e-02
1.911715887231699162e-01
2.458145901329715846e-04
1.265792119413780836e-01
4.184160931067331009e-03
5.202832235615786893e-02
1.262355833898985182e-02
6.289717888171776627e-02
7.789617444014269587e-01
2.585341711427579289e-03
9.273145333293276657e-03
3.221201043453964744e-03
5.776580948817695571e-01
3.351889853889710390e-04
1.839928424709610152e-03
1.674141739855599664e-01
9.609486708489218664e-04
9.344773801974882721e-01
4.089917564351080448e-01
1.884423244015192289e-01
1.084390277216479986e-02
7.553059037986907011e-03
3.590854701488111617e-02
4.140533280124246707e-01
7.375306354121289676e-05
2.007294971487553342e-02
4.516021856854081362e-02
7.556172808893392434e-02
6.699305681927719171e-03
1.559266704467622729e-02
3.827901151774570909e-01
5.005438649337078383e-01
1.956917522713251811e-01
2.724933898729068327e-01
8.289976303395994370e-05
3.760117771084336351e-04
2.504038163413582763e-02
3.336509589765180861e-01
3.954056131969575956e-03
9.359429449060439887e-02
1.522342996735320027e-03
1.470003061968437868e-03
1.517894480241733374e-02
2.430147407671942317e-01
3.739400472833056491e-03
3.893526228557782354e-02
1.454278799182002341e-02
1.484945154176174446e-02
9.239449782676055153e-05
4.958692096291996143e-01
1.057164944992475524e-03
2.993740286781731291e-02
2.702323239349715966e-02
1.814449253547122665e-01
1.192666429358155700e-01
2.375901862085524618e-01
5.895285353436897913e-02
9.728135491550019606e-04
1.820616954138343513e-01
4.166579475957640083e-02
4.888893467986214943e-03
9.601967768079534046e-05
2.252482257728014303e-01
5.932062481845944146e-02
1.399309044217168438e-02
1.365473572562767024e-03
2.210546644181335906e-04
6.831342020911416180e-01
6.706021927530109953e-04
1.893282495899635521e-04
4.987215673633344529e-05
2.621971930766118022e-02
2.486716295110583397e-01
4.682101692218391259e-03
7.945698264249404508e-01
1.960854189806982562e-01
3.331272008519925443e-02
3.658632038424927506e-03
8.804284475821037848e-02
5.034810658329927358e-02
1.839234272230802214e-01
4.475517403315593112e-02
1.968672237956830065e-02
6.964483597209035759e-01
1.582881199516275872e-01
1.514021557743744091e-04
1.338757667312904251e-03
1.891101652486096470e-03
6.925755011717459921e-04
8.218412840368753691e-02
6.045747179076571487e-06
1.754572642211546995e-03
7.075007447568096297e-02
7.341140619662621380e-02
9.647335152082000542e-01
3.856272001374037601e-04
3.264022603772081046e-03
1.291547220533782086e-03
2.944591514337181526e-05
4.621357305257678405e-02
9.932928387931343195e-02
3.818513056347944915e-04
9.863935366690748108e-01
8.459670150634917814e-04
5.232232588027788643e-04
1.726025921919167525e-02
1.028233815648937760e-01
9.227725611523188848e-03
3.472148996829822476e-01
2.995655719490852853e-01
3.337566601997193211e-02
1.442564590640544632e-03
1.422754896041655403e-03
8.679426578227765216e-04
2.617356884297321051e-01
1.173360458409222935e-03
2.230620066579870955e-02
3.954248988713496976e-02
6.883047474741844640e-01
4.220766054571715720e-01
1.306457069673904597e-02
1.941479716039723469e-01
2.708008047531436369e-02
9.745657632425734629e-03
8.940355810261325356e-04
7.062075150199124962e-04
2.159740529082839009e-03
4.975211422862733657e-01
1.014386291064379164e-01
7.534201857970264371e-02
4.214533159416483654e-02
4.837050327046794884e-03
3.690310549063757772e-01
4.168803383900275723e-03
1.337950572516442664e-02
2.429891011217136590e-03
1.285974232383289481e-04
2.219022394415629332e-02
2.065066913392043266e-05
1.272053811672781056e-03
2.778720066260862917e-02
2.924859563697013165e-02
5.526122233164506431e-02
1.070739437280074802e-03
3.337900104379759917e-04
8.176270283199189165e-03
3.055513215806083746e-02
7.117634677145643352e-01
8.704905690389249870e-03
1.513755281478094267e-02
2.417104669142677354e-04
4.348080862561762294e-03
1.395967878898678465e-04
2.089856254472285436e-03
4.542683368117466508e-02
3.855125868702367897e-02
2.673717461801530249e-01
5.420509157059287819e-01
1.351088221266839775e-03
2.801092802807218091e-03
1.489304649413895343e-01
6.202533574673069899e-02
7.386995299437403191e-03
4.483034115868459791e-04
5.808735233592759268e-04
5.160132021576293269e-03
1.279900642726539660e-02
1.366673791382637740e-02
7.442921288490977894e-02
8.056075278746455126e-01
5.057826787148326231e-01
5.294010063748444406e-02
2.364579812220178601e-02
7.491235262141403284e-02
4.376266937133647139e-06
3.991568963269965797e-01
9.520221907935914052e-01
9.104848525410247362e-01
1.536816807940886986e-01
2.186934603599833171e-04
6.936143258937208129e-03
2.625546362700941633e-02
5.283955862874171322e-03
4.347239873164564336e-04
1.677688417735490323e-01
2.037939390075366869e-03
5.305160248714085522e-03
2.116130175865484422e-02
4.781120060867163554e-03
2.920420983018391994e-02
6.897182844875091512e-04
1.385701725124726946e-01
1.089248048677904368e-02
5.606574695203716228e-03
6.086853381296163379e-01
9.011237403219110043e-01
6.894397211383231083e-02
4.710877708023484926e-03
6.743577939420185297e-02
6.617232017673270418e-05
6.180487394529420309e-01
1.381507387826318503e-03
1.482329214265664385e-01
5.257131557544196809e-01
8.394998634160255602e-01
3.488873250204327717e-03
6.336918613985738080e-01
8.844196802056907350e-03
5.407515364971566098e-04
2.521378692581623462e-02
4.580520546858897935e-04
2.570030823029942346e-01
2.198913906619183616e-05
2.150774201523203118e-04
1.846187731970086161e-04
4.202045160664799454e-04
2.009047472965238938e-03
1.038435264243571660e-01
4.053860146254134600e-02
2.175978552883803818e-01
1.868870067171875954e-02
9.148845341277546117e-01
7.721664005251017981e-02
9.243690627830029437e-04
7.646564342290322397e-04
2.514751796516664362e-01
1.187064222772080721e-04
6.905110603437464821e-03
1.784216159406952626e-03
4.653070090359159318e-04
2.211045960591682957e-01
3.465756660981820993e-04
3.230613643690929404e-01
1.632209894350690471e-01
6.364346108932677874e-03
1.000236731857857787e-03
1.444715011199898258e-01
2.811064668784421516e-01
2.011170467227447328e-02
5.783064372173588041e-02
1.500389562728560514e-02
2.223190223315710864e-03
4.893111718417911433e-03
6.616342346889833364e-04
4.040463911535025626e-02
1.313812822301933526e-05
1.507893319688970168e-02
2.019401195601275398e-04
5.836617880755928800e-03
9.335052705039642573e-01
3.793711974169446804e-02
8.585433855420961449e-03
3.893049518852090404e-04
6.174119079950560543e-03
5.545323652281772958e-02
1.994573203063384603e-03
1.970738114633740698e-02
1.211755832146142603e-01
1.965112490189044445e-04
6.152222881587535858e-02
3.055813736425520011e-01
9.967890790277688096e-01
9.301079033231643978e-01
9.900947213277589976e-01
9.868409422957644672e-01
9.903309302965903616e-01
4.708967455106102262e-01
8.341680558315136551e-01
8.990251470843453330e-01
9.969613692773329205e-01
3.000655603119111170e-01
9.625621855291353057e-01
9.608422294960125010e-01
3.627290263703049633e-01
9.972705710330235229e-01
9.813547426953853625e-01
2.643828329022083756e-01
9.861079544530751972e-01
9.551973321913583836e-01
9.701335766286872664e-01
9.586319772751265011e-01
8.589531709691484718e-01
9.993297814911958898e-01
9.908852067666455987e-01
5.668229427592674785e-01
9.835255063273214970e-01
9.677472657584096360e-01
9.194611626486124401e-01
9.579882360681956088e-01
9.891892577313543544e-01
9.069231309033900512e-01
7.956449932336282505e-01
9.842585375475163545e-01
5.875940583347025736e-01
9.947787459540484711e-01
9.995879401995863001e-01
6.630557579403614232e-01
9.949629825195919208e-01
6.640332590563445825e-01
9.719680574720768185e-01
7.549403976686064333e-01
9.345865736110458011e-01
3.011298559885632331e-01
8.478093265936763601e-01
9.763617132121654718e-01
4.879931725644520157e-01
9.468255698481534699e-01
9.494238625094659767e-01
9.510740997942574992e-01
9.978031349915693626e-01
9.984254171334434602e-01
9.755762815884100325e-01
8.564731355546092439e-01
7.108777268227634005e-01
9.929925764527952614e-01
8.794121292414027735e-01
9.713268449558024598e-01
8.164442797886064529e-01
7.776413602035974204e-01
9.990378038085174772e-01
9.253040524159305003e-01
9.908642015431541328e-01
9.888483536611224478e-01
9.969033699532576787e-01
6.339531800064488465e-01
8.269140191354272806e-01
7.728022439347006500e-01
2.590845529105315070e-01
7.270168081440910868e-01
9.516122118508215655e-01
8.748165404625226627e-01
6.136776844793311314e-01
8.675951871636299328e-01
9.536802577759906363e-01
6.285702975360755174e-01
5.979307599361831649e-01
9.975492536625681916e-01
9.199389598539479129e-01
9.942869713758307748e-01
9.468967763988461739e-01
9.995534096507754374e-01
7.873537751328175682e-01
9.795164847422087595e-01
9.605768277515182030e-01
9.793960869474540587e-01
8.808632430123788382e-01
9.443327619325694311e-01
6.021897747602664719e-01
9.326458624956364130e-01
2.653817066736224306e-01
9.447559907150751002e-01
7.783706684840135948e-01
3.376853242788800946e-01
9.927159916076052637e-01
7.980814989369404699e-01
8.731566325758779445e-01
9.459589482425713181e-01
9.016602133488826887e-01
9.473396756896248494e-01
9.940235256997221880e-01
9.573688561908414441e-01
