1.128717852842253677e-01
-8.786025693900141320e-01
7.544993703390507900e-01
1.593738509299236217e-01
8.569827941424691398e-01
2.765178145561650869e-01
1.616036736974101329e-01
9.298183462779845421e-01
9.919610863883869811e-01
8.816572059565705999e-01
1.029915855922742374e+00
7.787664443968781575e-03
-6.772094280917677622e-01
4.887214401640678219e-01
-1.136473494734424605e-01
6.463822480704006779e-01
4.656894174173922263e-01
7.497799912088947138e-01
-6.528419016373128159e-01
-5.690773717813009114e-01
-2.316783387491252455e-01
-5.682710834116093679e-01
1.281419119112072735e-01
-8.325204969760893192e-01
-9.135833241341106969e-01
-9.108193393896071299e-01
-5.506163770326111262e-01
-5.867420294394349867e-01
-6.133110326876227703e-01
6.808697294511638631e-01
5.097513798249826422e-01
1.059286849160333333e+00
2.015630330422766292e-01
-9.476261440562439020e-02
3.748339123003390227e-01
9.206562367531554436e-01
1.002103904842179816e-01
7.495659541190979880e-01
-4.777620609803499008e-01
6.824872628438769517e-01
-5.201614280864781392e-01
-1.569012063318879768e-01
-2.180318199406867663e-01
-6.130301148403196621e-01
3.688637356462045602e-01
9.357476583852344376e-01
7.394897841500281954e-01
4.497553344918409635e-01
9.203059789570379179e-01
-7.320623763852385224e-01
8.690436292141550112e-01
6.779930309230313146e-01
-9.198633193483907178e-02
-8.598227030310236912e-03
3.110366279470018203e-01
2.677211110196389132e-01
4.473783888281911980e-01
-9.942566653106932328e-01
-5.183727207624002631e-01
1.024491887517970934e+00
1.037869635027081294e+00
-5.483813149380118990e-01
-8.969824662549239491e-01
-2.627921009855587187e-01
8.821609539005299538e-01
5.522054299020275892e-01
8.973083096925313917e-01
-5.584730907394799271e-01
5.350337836173562067e-01
6.607217891341967686e-01
-6.650366892127657081e-01
1.244561016157827438e-01
-8.909614677905555169e-01
9.358778323906209451e-01
7.063108031386935437e-01
5.430135285479054108e-01
2.853690108859690544e-01
-9.478587568489951209e-01
2.328278737470790283e-01
1.147216372604252799e-01
2.116375172029514307e-01
-7.167712665336516409e-01
-9.249301804971246099e-01
5.488539992996699368e-01
-1.932463936694688300e-01
-8.458850707346233788e-01
-2.586093840232468466e-01
7.563953826427347593e-01
9.123295701673392877e-01
-4.993063452181267792e-01
-7.953794783169430005e-01
-3.766062530220963822e-01
8.695184130837314562e-01
3.552748692153862020e-02
1.057574759859852831e+00
2.248451836607614496e-01
-8.763423434974448867e-02
-8.751001842056771451e-01
-9.845812143736021316e-01
6.841048570786283367e-01
-7.645767596785950637e-01
6.308163394192070617e-02
9.130504691908531978e-01
3.061040103096523968e-01
8.013395958833899879e-01
-9.791399262467450626e-01
-5.515919499002355231e-01
-2.704720596424579071e-01
7.546908664755598295e-01
-8.092745005831041283e-01
4.448485282653180661e-02
-8.880827438924976391e-01
4.949296084630354642e-01
6.769527155860624035e-01
-9.128144064469454477e-01
-8.964110229675146257e-01
4.041026092463620989e-01
1.149506285225179170e-01
4.039584051326983172e-03
5.127154094053807398e-01
-4.341715981875662322e-01
1.862092281686764661e-01
2.041879073360064467e-02
-3.285379467974998136e-01
3.055276777729183380e-01
-2.559600306313534190e-01
-4.197806381648501173e-01
5.987961187830337373e-01
-7.943543381171043194e-01
1.053776934988580827e+00
1.783133761898196834e-01
1.554559378537022640e-01
-3.283140269403190814e-01
2.052158582294083544e-01
4.491976060380573066e-02
1.462033375015378833e-01
-9.356877161642751517e-01
-8.247470137365517928e-01
9.102449628599291742e-01
1.026582861134144764e+00
-5.973163230593563355e-01
-9.747447408746952036e-01
7.157163812116646984e-01
8.576152467846904770e-01
-5.514188389491085918e-01
-7.207485272451279457e-01
2.680612294083708491e-01
-7.093745091027026106e-01
-7.591938601531651454e-01
4.082553006716640454e-01
-9.853975605033089558e-01
-7.739555654331926604e-01
4.831726780360590112e-01
5.290849021147234765e-01
9.313304355782749955e-01
-7.190956477007510728e-01
-6.269654025677091624e-01
4.851354575894243348e-01
4.659932890641691472e-01
2.730176336564933970e-01
9.538825963615416015e-02
-2.394386548586346919e-01
9.797815045338347240e-01
6.645270457861868207e-02
6.153249177637292178e-01
-9.317982510048796740e-01
-6.948467575947567809e-01
-3.008789422389099855e-01
9.425318768934792812e-01
-6.724345646836589196e-01
1.627475589287854518e-01
8.861893381973342532e-01
5.126162222075869579e-01
4.574917787586922913e-01
7.819842776825547404e-01
-7.106431986752710372e-01
-1.916562874374436731e-01
7.534745872533240574e-01
-1.344748840049421190e-01
-6.708886636254272062e-01
4.450276657862644453e-02
3.300845806268135618e-01
-6.354322552492965848e-01
7.562689265095503544e-01
2.546356265892519843e-01
-8.420310856740695904e-01
-9.555837796309223364e-01
4.196287920482202338e-01
-6.365406748797255432e-01
2.939017104531884694e-01
7.735346267760832006e-01
-9.718890132743012167e-01
3.302352775850891931e-02
8.225236740297177107e-01
6.862268197774019640e-01
3.015216248422298850e-01
1.364432649846187839e-01
-5.928198080724058627e-01
3.132801851388506975e-01
1.038496552847376186e+00
3.654013059325222912e-02
